 <pre>

 Contingency table for Cloud cover (octas)
 Selection: masl_0-200m    526 stations
Period: 20190801-20190816
Used {00,06,12,18} + 01 02 ... 12
 Limits   0.500000000       1.50000000       2.50000000       3.50000000       4.50000000       5.50000000       6.50000000       7.50000000    
 Each class is data <= limit, the very last > last limit
 Total number of values      350566
                                                       OBSERVATION
                                  26708     7704     6159     4533     2916     3469     3767     5168     4535 |     64959
                                   4216     1799     1708     1635     1160     1669     1997     3061     2672 |     19917
                                   2176     1082      989     1005      764     1121     1450     2224     1933 |     12744
                                   1745      842      831      810      694      938     1225     2034     1680 |     10799
               Exp0_cy43_ref_z     1694      794      721      882      637     1031     1212     2055     1788 |     10814
                                   1752      849      766      857      679     1064     1397     2417     1933 |     11714
                                   2205      988      882     1032      838     1299     1663     3132     2719 |     14758
                                   3317     1557     1355     1481     1192     2088     2743     5715     5257 |     24705
                                   9449     5862     4300     5780     4627     8858    13856    50775    76649 |    180156

                    SUM           53262    21477    17711    18015    13507    21537    29310    76581    99166 |    350566
                                                       OBSERVATION
                                  26640     7693     6181     4511     2931     3467     3795     5165     4527 |     64910
                                   4135     1848     1709     1594     1208     1665     2047     3083     2673 |     19962
                                   2266     1014     1000     1002      760     1114     1374     2251     1954 |     12735
                                   1737      831      812      878      679     1056     1125     1971     1685 |     10774
        NetA_cy43_iobs_roel_v1     1669      858      692      807      672     1008     1216     2105     1771 |     10798
                                   1741      820      779      834      686     1009     1368     2378     2060 |     11675
                                   2182     1050      845     1028      799     1335     1734     3233     2708 |     14914
                                   3270     1509     1335     1568     1228     2063     2816     5964     5230 |     24983
                                   9622     5854     4358     5793     4544     8820    13835    50431    76558 |    179815

                    SUM           53262    21477    17711    18015    13507    21537    29310    76581    99166 |    350566
                                                       OBSERVATION
                                  26517     7622     6220     4498     2937     3457     3828     5201     4619 |     64899
                                   4315     1797     1704     1599     1137     1694     2017     3088     2668 |     20019
                                   2184     1059     1020     1010      748     1175     1362     2285     1933 |     12776
                                   1749      856      826      886      648      963     1216     1976     1654 |     10774
       NetA_cy43_iobs_paulo_v1     1669      858      672      920      677      985     1250     2060     1745 |     10836
                                   1710      863      811      867      726     1083     1356     2391     1952 |     11759
                                   2197     1039      886     1016      817     1289     1679     3205     2701 |     14829
                                   3318     1530     1291     1485     1231     1980     2701     5916     5287 |     24739
                                   9603     5853     4281     5734     4586     8911    13901    50459    76607 |    179935

                    SUM           53262    21477    17711    18015    13507    21537    29310    76581    99166 |    350566

