 <pre>

 Contingency table for Cloud cover (octas)
 Selection: ALL    594 stations
Period: 20190801-20190816
Used {00,06,12,18} + 01 02 ... 12
 Limits   0.500000000       1.50000000       2.50000000       3.50000000       4.50000000       5.50000000       6.50000000       7.50000000    
 Each class is data <= limit, the very last > last limit
 Total number of values      393897
                                                       OBSERVATION
                                  28647     8228     6699     4907     3143     3789     4105     5605     5491 |     70614
                                   4578     1943     1870     1775     1237     1826     2233     3383     3200 |     22045
                                   2360     1151     1089     1096      817     1241     1601     2418     2267 |     14040
                                   1902      895      908      882      750     1025     1375     2222     1987 |     11946
               Exp0_cy43_ref_z     1851      859      777      961      684     1128     1342     2250     2093 |     11945
                                   1910      917      838      931      731     1142     1515     2627     2275 |     12886
                                   2398     1052      962     1128      901     1403     1836     3403     3235 |     16318
                                   3594     1697     1463     1605     1294     2251     3027     6256     6152 |     27339
                                  10264     6310     4701     6338     5085     9709    15719    56137    92501 |    206764

                    SUM           57504    23052    19307    19623    14642    23514    32753    84301   119201 |    393897
                                                       OBSERVATION
                                  28594     8214     6714     4886     3166     3780     4138     5606     5504 |     70602
                                   4500     1994     1863     1748     1308     1837     2295     3379     3140 |     22064
                                   2474     1087     1090     1092      817     1229     1552     2440     2320 |     14101
                                   1892      896      889      948      741     1150     1258     2195     2002 |     11971
        NetA_cy43_iobs_roel_v1     1839      906      757      885      718     1091     1337     2287     2114 |     11934
                                   1873      878      856      914      740     1099     1512     2607     2440 |     12919
                                   2359     1132      921     1101      862     1446     1921     3521     3202 |     16465
                                   3497     1634     1448     1716     1324     2225     3120     6540     6162 |     27666
                                  10476     6311     4769     6333     4966     9657    15620    55726    92317 |    206175

                    SUM           57504    23052    19307    19623    14642    23514    32753    84301   119201 |    393897
                                                       OBSERVATION
                                  28490     8141     6752     4858     3178     3770     4161     5643     5532 |     70525
                                   4654     1952     1850     1747     1220     1853     2273     3381     3145 |     22075
                                   2373     1125     1112     1103      799     1290     1543     2472     2285 |     14102
                                   1911      903      919      975      697     1048     1332     2162     1941 |     11888
       NetA_cy43_iobs_paulo_v1     1834      921      742      993      727     1072     1381     2242     2059 |     11971
                                   1840      923      890      937      778     1172     1496     2632     2292 |     12960
                                   2365     1122      975     1099      879     1380     1858     3520     3173 |     16371
                                   3591     1663     1398     1641     1329     2136     2972     6463     6207 |     27400
                                  10446     6302     4669     6270     5035     9793    15737    55786    92567 |    206605

                    SUM           57504    23052    19307    19623    14642    23514    32753    84301   119201 |    393897

